image: map2.pgm
resolution: 0.10000
origin: [-10.706540, -4.520793, 0.000000]
negate: 0
occupied_thresh: 0.65
free_thresh: 0.196

