image: map3.png
resolution: 0.100000
origin: [-15.824999, -9.824999, 0.000000]
negate: 0
occupied_thresh: 0.65
free_thresh: 0.196

