image: map4.png
resolution: 0.06000
origin: [-10.518384, -18.278537, 0.000000]
negate: 0
occupied_thresh: 0.65
free_thresh: 0.196

