image: map5.png
resolution: 0.050000
origin: [-2.776736, -17.670374, 0.000000]
negate: 0
occupied_thresh: 0.65
free_thresh: 0.196

